no opt validation
acc: 0.5409836065573771 || precision: 0.5846153846153846 || recall: 0.4
auc: 0.5496411483253588
tps: 38 || tns: 61 || fps: 27 || fns: 57


acc: 0.5191256830601093 || precision: 0.5191256830601093 || recall: 1.0
auc: 0.29360047846889953
tps: 95 || tns: 0 || fps: 88 || fns: 0
